%YAML:1.0
---
total_node: 576
node_0: [ -3.7053779602050781e+01, 2.9452997207641602e+01,
    -1.6754375696182251e+00 ]
node_1: [ -3.7059001922607422e+01, 2.9403272628784180e+01,
    -1.6754297018051147e+00 ]
node_2: [ -3.7064224243164062e+01, 2.9353544235229492e+01,
    -1.6754336357116699e+00 ]
node_3: [ -3.7069446563720703e+01, 2.9303817749023438e+01,
    -1.6754297018051147e+00 ]
node_4: [ -3.7074668884277344e+01, 2.9254089355468750e+01,
    -1.6753617525100708e+00 ]
node_5: [ -3.7079887390136719e+01, 2.9204364776611328e+01,
    -1.6754375696182251e+00 ]
node_6: [ -3.7085109710693359e+01, 2.9154640197753906e+01,
    -1.6754297018051147e+00 ]
node_7: [ -3.7090332031250000e+01, 2.9104911804199219e+01,
    -1.6754336357116699e+00 ]
node_8: [ -3.7095554351806641e+01, 2.9055185317993164e+01,
    -1.6754297018051147e+00 ]
node_9: [ -3.7100776672363281e+01, 2.9005456924438477e+01,
    -1.6753617525100708e+00 ]
node_10: [ -3.7105995178222656e+01, 2.8955732345581055e+01,
    -1.6753537654876709e+00 ]
node_11: [ -3.7111213684082031e+01, 2.8906003952026367e+01,
    -1.6754336357116699e+00 ]
node_12: [ -3.7116436004638672e+01, 2.8856277465820312e+01,
    -1.6754375696182251e+00 ]
node_13: [ -3.7121658325195312e+01, 2.8806552886962891e+01,
    -1.6754297018051147e+00 ]
node_14: [ -3.7126880645751953e+01, 2.8756824493408203e+01,
    -1.6754375696182251e+00 ]
node_15: [ -3.7132102966308594e+01, 2.8707099914550781e+01,
    -1.6753537654876709e+00 ]
node_16: [ -3.7137321472167969e+01, 2.8657371520996094e+01,
    -1.6754336357116699e+00 ]
node_17: [ -3.7142543792724609e+01, 2.8607645034790039e+01,
    -1.6754297018051147e+00 ]
node_18: [ -3.7147766113281250e+01, 2.8557916641235352e+01,
    -1.6754375696182251e+00 ]
node_19: [ -3.7152988433837891e+01, 2.8508192062377930e+01,
    -1.6754336357116699e+00 ]
node_20: [ -3.7158210754394531e+01, 2.8458465576171875e+01,
    -1.6753537654876709e+00 ]
node_21: [ -3.7163429260253906e+01, 2.8408737182617188e+01,
    -1.6753617525100708e+00 ]
node_22: [ -3.7168647766113281e+01, 2.8359012603759766e+01,
    -1.6754297018051147e+00 ]
node_23: [ -3.7173870086669922e+01, 2.8309284210205078e+01,
    -1.6754375696182251e+00 ]
node_24: [ -3.7179092407226562e+01, 2.8259559631347656e+01,
    -1.6754297018051147e+00 ]
node_25: [ -3.7184314727783203e+01, 2.8209831237792969e+01,
    -1.6754336357116699e+00 ]
node_26: [ -3.7189537048339844e+01, 2.8160104751586914e+01,
    -1.6753617525100708e+00 ]
node_27: [ -3.7194755554199219e+01, 2.8110380172729492e+01,
    -1.6754297018051147e+00 ]
node_28: [ -3.7199977874755859e+01, 2.8060651779174805e+01,
    -1.6754336357116699e+00 ]
node_29: [ -3.7205200195312500e+01, 2.8010925292968750e+01,
    -1.6754297018051147e+00 ]
node_30: [ -3.7210422515869141e+01, 2.7961196899414062e+01,
    -1.6754375696182251e+00 ]
node_31: [ -3.7215644836425781e+01, 2.7911472320556641e+01,
    -1.6753617525100708e+00 ]
node_32: [ -3.7220863342285156e+01, 2.7861747741699219e+01,
    -1.6754297018051147e+00 ]
node_33: [ -3.7226085662841797e+01, 2.7812019348144531e+01,
    -1.6753576993942261e+00 ]
node_34: [ -3.7231304168701172e+01, 2.7762292861938477e+01,
    -1.6754297018051147e+00 ]
node_35: [ -3.7236526489257812e+01, 2.7712564468383789e+01,
    -1.6754375696182251e+00 ]
node_36: [ -3.7241748809814453e+01, 2.7662839889526367e+01,
    -1.6754297018051147e+00 ]
node_37: [ -3.7246971130371094e+01, 2.7613111495971680e+01,
    -1.6753576993942261e+00 ]
node_38: [ -3.7252189636230469e+01, 2.7563385009765625e+01,
    -1.6754375696182251e+00 ]
node_39: [ -3.7257411956787109e+01, 2.7513660430908203e+01,
    -1.6754297018051147e+00 ]
node_40: [ -3.7262634277343750e+01, 2.7463932037353516e+01,
    -1.6754375696182251e+00 ]
node_41: [ -3.7267856597900391e+01, 2.7414207458496094e+01,
    -1.6754297018051147e+00 ]
node_42: [ -3.7273078918457031e+01, 2.7364479064941406e+01,
    -1.6753576993942261e+00 ]
node_43: [ -3.7278297424316406e+01, 2.7314752578735352e+01,
    -1.6754297018051147e+00 ]
node_44: [ -3.7283519744873047e+01, 2.7265024185180664e+01,
    -1.6754375696182251e+00 ]
node_45: [ -3.7288742065429688e+01, 2.7215299606323242e+01,
    -1.6753576993942261e+00 ]
node_46: [ -3.7293960571289062e+01, 2.7165573120117188e+01,
    -1.6754297018051147e+00 ]
node_47: [ -3.7299182891845703e+01, 2.7115844726562500e+01,
    -1.6754375696182251e+00 ]
node_48: [ -3.7304405212402344e+01, 2.7066120147705078e+01, 0. ]
node_49: [ -3.7304405212402344e+01, 2.7066120147705078e+01,
    -1.6753537654876709e+00 ]
node_50: [ -3.7309623718261719e+01, 2.7016391754150391e+01,
    -8.9003950357437134e-01 ]
node_51: [ -3.7265121459960938e+01, 2.6961444854736328e+01,
    -1.6754375696182251e+00 ]
node_52: [ -3.7270343780517578e+01, 2.6911720275878906e+01,
    -1.6754297018051147e+00 ]
node_53: [ -3.7275566101074219e+01, 2.6861991882324219e+01,
    -1.6753576993942261e+00 ]
node_54: [ -3.7280784606933594e+01, 2.6812265396118164e+01,
    -1.6753537654876709e+00 ]
node_55: [ -3.7286003112792969e+01, 2.6762537002563477e+01,
    -2.4608488082885742e+00 ]
node_56: [ -3.7340953826904297e+01, 2.6718032836914062e+01, 0. ]
node_57: [ -3.7340953826904297e+01, 2.6718032836914062e+01,
    -1.6754297018051147e+00 ]
node_58: [ -3.7346176147460938e+01, 2.6668304443359375e+01,
    -1.6754375696182251e+00 ]
node_59: [ -3.7351398468017578e+01, 2.6618579864501953e+01,
    -1.6753617525100708e+00 ]
node_60: [ -3.7356616973876953e+01, 2.6568855285644531e+01,
    -1.6754297018051147e+00 ]
node_61: [ -3.7361839294433594e+01, 2.6519126892089844e+01,
    -1.6753576993942261e+00 ]
node_62: [ -3.7367057800292969e+01, 2.6469400405883789e+01,
    -1.6754297018051147e+00 ]
node_63: [ -3.7372280120849609e+01, 2.6419672012329102e+01,
    -1.6754375696182251e+00 ]
node_64: [ -3.7377502441406250e+01, 2.6369947433471680e+01,
    -1.6754297018051147e+00 ]
node_65: [ -3.7382724761962891e+01, 2.6320219039916992e+01,
    -1.6754336357116699e+00 ]
node_66: [ -3.7387947082519531e+01, 2.6270492553710938e+01,
    -1.6753617525100708e+00 ]
node_67: [ -3.7393165588378906e+01, 2.6220767974853516e+01,
    -1.6754297018051147e+00 ]
node_68: [ -3.7398387908935547e+01, 2.6171039581298828e+01,
    -1.6754375696182251e+00 ]
node_69: [ -3.7403610229492188e+01, 2.6121315002441406e+01,
    -1.6754297018051147e+00 ]
node_70: [ -3.7408832550048828e+01, 2.6071586608886719e+01,
    -1.6753576993942261e+00 ]
node_71: [ -3.7414051055908203e+01, 2.6021860122680664e+01,
    -1.6754297018051147e+00 ]
node_72: [ -3.7419273376464844e+01, 2.5972131729125977e+01,
    -1.6753617525100708e+00 ]
node_73: [ -3.7424491882324219e+01, 2.5922407150268555e+01,
    -1.6754336357116699e+00 ]
node_74: [ -3.7429714202880859e+01, 2.5872680664062500e+01,
    -1.6754297018051147e+00 ]
node_75: [ -3.7434936523437500e+01, 2.5822952270507812e+01,
    -1.6754375696182251e+00 ]
node_76: [ -3.7440158843994141e+01, 2.5773227691650391e+01,
    -1.6754297018051147e+00 ]
node_77: [ -3.7445381164550781e+01, 2.5723499298095703e+01,
    -1.6753617525100708e+00 ]
node_78: [ -3.7450599670410156e+01, 2.5673774719238281e+01,
    -1.6754297018051147e+00 ]
node_79: [ -3.7455821990966797e+01, 2.5624046325683594e+01,
    -1.6754336357116699e+00 ]
node_80: [ -3.7461044311523438e+01, 2.5574319839477539e+01,
    -1.6754375696182251e+00 ]
node_81: [ -3.7466266632080078e+01, 2.5524595260620117e+01,
    -1.6754297018051147e+00 ]
node_82: [ -3.7471488952636719e+01, 2.5474866867065430e+01,
    -1.6753576993942261e+00 ]
node_83: [ -3.7476707458496094e+01, 2.5425140380859375e+01,
    -1.6753537654876709e+00 ]
node_84: [ -3.7481925964355469e+01, 2.5375411987304688e+01,
    -1.6754375696182251e+00 ]
node_85: [ -3.7487148284912109e+01, 2.5325687408447266e+01,
    -1.6754375696182251e+00 ]
node_86: [ -3.7492370605468750e+01, 2.5275962829589844e+01,
    -1.6754297018051147e+00 ]
node_87: [ -3.7497592926025391e+01, 2.5226234436035156e+01,
    -1.6754336357116699e+00 ]
node_88: [ -3.7502815246582031e+01, 2.5176507949829102e+01,
    -1.6753537654876709e+00 ]
