image: narrow.png
resolution: 0.100000
origin: [-10.5, -14.85, 0.000000]
height: 297
width: 210
negate: 0
occupied_thresh: 0.65
free_thresh: 0.196

