%YAML:1.0
---
total_node: 663
node_0: [ -1.7136779785156250e+01, 2.8286380767822266e+01,
    -1.6455582380294800e+00 ]
node_1: [ -1.7140514373779297e+01, 2.8236520767211914e+01,
    -1.6455962657928467e+00 ]
node_2: [ -1.7144250869750977e+01, 2.8186660766601562e+01,
    -1.6454411745071411e+00 ]
node_3: [ -1.7147979736328125e+01, 2.8136798858642578e+01,
    -1.6455582380294800e+00 ]
node_4: [ -1.7151714324951172e+01, 2.8086938858032227e+01,
    -1.6454820632934570e+00 ]
node_5: [ -1.7155445098876953e+01, 2.8037078857421875e+01,
    -1.6455610990524292e+00 ]
node_6: [ -1.7159179687500000e+01, 2.7987220764160156e+01,
    -1.6455525159835815e+00 ]
node_7: [ -1.7162914276123047e+01, 2.7937356948852539e+01,
    -1.6454820632934570e+00 ]
node_8: [ -1.7166645050048828e+01, 2.7887496948242188e+01,
    -1.6455610990524292e+00 ]
node_9: [ -1.7170379638671875e+01, 2.7837638854980469e+01,
    -1.6454440355300903e+00 ]
node_10: [ -1.7174108505249023e+01, 2.7787778854370117e+01,
    -1.6455905437469482e+00 ]
node_11: [ -1.7177845001220703e+01, 2.7737915039062500e+01,
    -1.6455610990524292e+00 ]
node_12: [ -1.7181579589843750e+01, 2.7688056945800781e+01,
    -1.6454440355300903e+00 ]
node_13: [ -1.7185308456420898e+01, 2.7638196945190430e+01,
    -1.6455905437469482e+00 ]
node_14: [ -1.7189044952392578e+01, 2.7588333129882812e+01,
    -1.6454468965530396e+00 ]
node_15: [ -1.7192773818969727e+01, 2.7538475036621094e+01,
    -1.6455582380294800e+00 ]
node_16: [ -1.7196508407592773e+01, 2.7488615036010742e+01,
    -1.6455962657928467e+00 ]
node_17: [ -1.7200244903564453e+01, 2.7438755035400391e+01,
    -1.6454411745071411e+00 ]
node_18: [ -1.7203973770141602e+01, 2.7388893127441406e+01,
    -1.6455582380294800e+00 ]
node_19: [ -1.7207708358764648e+01, 2.7339033126831055e+01,
    -1.6454440355300903e+00 ]
node_20: [ -1.7211437225341797e+01, 2.7289173126220703e+01,
    -1.6455934047698975e+00 ]
node_21: [ -1.7215173721313477e+01, 2.7239311218261719e+01,
    -1.6455582380294800e+00 ]
node_22: [ -1.7218908309936523e+01, 2.7189451217651367e+01,
    -1.6454440355300903e+00 ]
node_23: [ -1.7222637176513672e+01, 2.7139591217041016e+01,
    -1.6455962657928467e+00 ]
node_24: [ -1.7226373672485352e+01, 2.7089731216430664e+01,
    -1.6454411745071411e+00 ]
node_25: [ -1.7230102539062500e+01, 2.7039869308471680e+01,
    -1.6455582380294800e+00 ]
node_26: [ -1.7233837127685547e+01, 2.6990009307861328e+01,
    -1.6454820632934570e+00 ]
node_27: [ -1.7237567901611328e+01, 2.6940149307250977e+01,
    -1.6455582380294800e+00 ]
node_28: [ -1.7241302490234375e+01, 2.6890289306640625e+01,
    -1.6455553770065308e+00 ]
node_29: [ -1.7245037078857422e+01, 2.6840427398681641e+01,
    -1.6454820632934570e+00 ]
node_30: [ -1.7248767852783203e+01, 2.6790567398071289e+01,
    -1.6455582380294800e+00 ]
node_31: [ -1.7252502441406250e+01, 2.6740707397460938e+01,
    -1.6454411745071411e+00 ]
node_32: [ -1.7256231307983398e+01, 2.6690845489501953e+01,
    -1.6455962657928467e+00 ]
node_33: [ -1.7259967803955078e+01, 2.6640985488891602e+01,
    -1.6455582380294800e+00 ]
node_34: [ -1.7263702392578125e+01, 2.6591125488281250e+01,
    -1.6454468965530396e+00 ]
node_35: [ -1.7267431259155273e+01, 2.6541267395019531e+01,
    -1.6455905437469482e+00 ]
node_36: [ -1.7271167755126953e+01, 2.6491403579711914e+01,
    -1.6454440355300903e+00 ]
node_37: [ -1.7274896621704102e+01, 2.6441543579101562e+01,
    -1.6455610990524292e+00 ]
node_38: [ -1.7278631210327148e+01, 2.6391685485839844e+01,
    -1.6455962657928467e+00 ]
node_39: [ -1.7282367706298828e+01, 2.6341825485229492e+01,
    -1.6454384326934814e+00 ]
node_40: [ -1.7286096572875977e+01, 2.6291961669921875e+01,
    -1.6455610990524292e+00 ]
node_41: [ -1.7289831161499023e+01, 2.6242103576660156e+01,
    -1.6454440355300903e+00 ]
node_42: [ -1.7293560028076172e+01, 2.6192243576049805e+01,
    -1.6455905437469482e+00 ]
node_43: [ -1.7297296524047852e+01, 2.6142379760742188e+01,
    -1.6455610990524292e+00 ]
node_44: [ -1.7301031112670898e+01, 2.6092521667480469e+01,
    -1.6454440355300903e+00 ]
node_45: [ -1.7304759979248047e+01, 2.6042661666870117e+01,
    -1.6455962657928467e+00 ]
node_46: [ -1.7308496475219727e+01, 2.5992801666259766e+01,
    -1.6454411745071411e+00 ]
node_47: [ -1.7312225341796875e+01, 2.5942939758300781e+01,
    -1.6455582380294800e+00 ]
node_48: [ -1.7315959930419922e+01, 2.5893079757690430e+01,
    -1.6455962657928467e+00 ]
node_49: [ -1.7319696426391602e+01, 2.5843219757080078e+01,
    -1.6454411745071411e+00 ]
node_50: [ -1.7323425292968750e+01, 2.5793357849121094e+01,
    -1.6455582380294800e+00 ]
node_51: [ -1.7327159881591797e+01, 2.5743497848510742e+01,
    -1.6454820632934570e+00 ]
node_52: [ -1.7330890655517578e+01, 2.5693637847900391e+01,
    -1.6455582380294800e+00 ]
node_53: [ -1.7334625244140625e+01, 2.5643777847290039e+01,
    -1.6455553770065308e+00 ]
node_54: [ -1.7338359832763672e+01, 2.5593915939331055e+01,
    -1.6454820632934570e+00 ]
node_55: [ -1.7342090606689453e+01, 2.5544055938720703e+01,
    -1.6455582380294800e+00 ]
node_56: [ -1.7345825195312500e+01, 2.5494195938110352e+01,
    -1.6454440355300903e+00 ]
node_57: [ -1.7349554061889648e+01, 2.5444335937500000e+01,
    -1.6455934047698975e+00 ]
node_58: [ -1.7353290557861328e+01, 2.5394474029541016e+01,
    -1.6454440355300903e+00 ]
node_59: [ -1.7357019424438477e+01, 2.5344614028930664e+01,
    -1.6455582380294800e+00 ]
node_60: [ -1.7360754013061523e+01, 2.5294754028320312e+01,
    -1.6455934047698975e+00 ]
node_61: [ -1.7364490509033203e+01, 2.5244892120361328e+01,
    -1.6454440355300903e+00 ]
node_62: [ -1.7368219375610352e+01, 2.5195032119750977e+01,
    -1.6455582380294800e+00 ]
node_63: [ -1.7371953964233398e+01, 2.5145172119140625e+01,
    -1.6454468965530396e+00 ]
node_64: [ -1.7375682830810547e+01, 2.5095314025878906e+01,
    -1.6455905437469482e+00 ]
node_65: [ -1.7379419326782227e+01, 2.5045450210571289e+01,
    -1.6455582380294800e+00 ]
node_66: [ -1.7383153915405273e+01, 2.4995590209960938e+01,
    -1.6454468965530396e+00 ]
node_67: [ -1.7386882781982422e+01, 2.4945732116699219e+01,
    -1.6455905437469482e+00 ]
node_68: [ -1.7390619277954102e+01, 2.4895868301391602e+01,
    -1.6454440355300903e+00 ]
node_69: [ -1.7394348144531250e+01, 2.4846008300781250e+01,
    -1.6455610990524292e+00 ]
node_70: [ -1.7398082733154297e+01, 2.4796150207519531e+01,
    -1.6455962657928467e+00 ]
node_71: [ -1.7401819229125977e+01, 2.4746290206909180e+01,
    -1.6454384326934814e+00 ]
node_72: [ -1.7405548095703125e+01, 2.4696426391601562e+01,
    -1.6455610990524292e+00 ]
node_73: [ -1.7409282684326172e+01, 2.4646568298339844e+01,
    -1.6454820632934570e+00 ]
node_74: [ -1.7413013458251953e+01, 2.4596708297729492e+01,
    -1.6455582380294800e+00 ]
node_75: [ -1.7416748046875000e+01, 2.4546848297119141e+01,
    -1.6455553770065308e+00 ]
node_76: [ -1.7420482635498047e+01, 2.4496986389160156e+01,
    -1.6454820632934570e+00 ]
node_77: [ -1.7424213409423828e+01, 2.4447126388549805e+01,
    -1.6455582380294800e+00 ]
node_78: [ -1.7427947998046875e+01, 2.4397266387939453e+01,
    -1.6454411745071411e+00 ]
node_79: [ -1.7431676864624023e+01, 2.4347404479980469e+01,
    -1.6455962657928467e+00 ]
node_80: [ -1.7435413360595703e+01, 2.4297544479370117e+01,
    -1.6455582380294800e+00 ]
node_81: [ -1.7439147949218750e+01, 2.4247684478759766e+01,
    -1.6454440355300903e+00 ]
node_82: [ -1.7442876815795898e+01, 2.4197824478149414e+01,
    -1.6455934047698975e+00 ]
node_83: [ -1.7446613311767578e+01, 2.4147962570190430e+01,
    -1.6454440355300903e+00 ]
node_84: [ -1.7450342178344727e+01, 2.4098102569580078e+01,
    -1.6455582380294800e+00 ]
node_85: [ -1.7454076766967773e+01, 2.4048242568969727e+01,
    -1.6454440355300903e+00 ]
node_86: [ -1.7457805633544922e+01, 2.3998382568359375e+01,
    -1.6455934047698975e+00 ]
node_87: [ -1.7461542129516602e+01, 2.3948520660400391e+01,
    -1.6455582380294800e+00 ]
