%YAML:1.0
---
total_node: 303
node_0: [ -1.2804546952247620e-01, -6.6324734687805176e-01,
    2.9850730895996094e+00 ]
node_1: [ -1.7743512988090515e-01, -6.5545314550399780e-01,
    2.9849529266357422e+00 ]
node_2: [ -2.2682477533817291e-01, -6.4765286445617676e-01,
    2.9850730895996094e+00 ]
node_3: [ -2.7621442079544067e-01, -6.3985866308212280e-01,
    2.9849338531494141e+00 ]
node_4: [ -3.2559797167778015e-01, -6.3205838203430176e-01,
    2.9849529266357422e+00 ]
node_5: [ -3.7498763203620911e-01, -6.2425810098648071e-01,
    2.9850730895996094e+00 ]
node_6: [ -4.2437726259231567e-01, -6.1646389961242676e-01,
    2.9849529266357422e+00 ]
node_7: [ -4.7376692295074463e-01, -6.0866361856460571e-01,
    2.9849338531494141e+00 ]
node_8: [ -5.2315044403076172e-01, -6.0086333751678467e-01,
    2.9850730895996094e+00 ]
node_9: [ -5.7254010438919067e-01, -5.9306913614273071e-01,
    2.9849529266357422e+00 ]
node_10: [ -6.2192976474761963e-01, -5.8526885509490967e-01, 0. ]
node_11: [ -6.2192976474761963e-01, -5.8526885509490967e-01,
    2.1996054649353027e+00 ]
node_12: [ -6.6351914405822754e-01, -5.2808499336242676e-01,
    2.9849526882171631e+00 ]
node_13: [ -7.1290874481201172e-01, -5.2028471231460571e-01,
    2.1996054649353027e+00 ]
node_14: [ -7.5449812412261963e-01, -4.6310085058212280e-01,
    2.9849529266357422e+00 ]
node_15: [ -8.0388778448104858e-01, -4.5530056953430176e-01,
    2.1996049880981445e+00 ]
node_16: [ -8.4547710418701172e-01, -3.9811673760414124e-01,
    2.9849333763122559e+00 ]
node_17: [ -8.9486068487167358e-01, -3.9031642675399780e-01,
    2.9849529266357422e+00 ]
node_18: [ -9.4425034523010254e-01, -3.8251614570617676e-01,
    2.9850728511810303e+00 ]
node_19: [ -9.9363994598388672e-01, -3.7472194433212280e-01,
    2.1995549201965332e+00 ]
node_20: [ -1.0352293252944946e+00, -3.1753200292587280e-01,
    2.9850735664367676e+00 ]
node_21: [ -1.0846189260482788e+00, -3.0973783135414124e-01,
    2.9849524497985840e+00 ]
node_22: [ -1.1340086460113525e+00, -3.0193752050399780e-01,
    2.9849338531494141e+00 ]
node_23: [ -1.1833921670913696e+00, -2.9413723945617676e-01,
    2.9850728511810303e+00 ]
node_24: [ -1.2327817678451538e+00, -2.8634303808212280e-01,
    2.9849531650543213e+00 ]
node_25: [ -1.2821714878082275e+00, -2.7854275703430176e-01,
    2.9849522113800049e+00 ]
node_26: [ -1.3315610885620117e+00, -2.7074244618415833e-01,
    2.9850544929504395e+00 ]
node_27: [ -1.3809446096420288e+00, -2.6294827461242676e-01,
    2.9849524497985840e+00 ]
node_28: [ -1.4303343296051025e+00, -2.5514796376228333e-01,
    2.9849526882171631e+00 ]
node_29: [ -1.4797239303588867e+00, -2.4734768271446228e-01,
    2.9850735664367676e+00 ]
node_30: [ -1.5291136503219604e+00, -2.3955349624156952e-01,
    2.9849336147308350e+00 ]
node_31: [ -1.5784971714019775e+00, -2.3175320029258728e-01,
    -2.5128345489501953e+00 ]
node_32: [ -1.6356871128082275e+00, -2.7334254980087280e-01,
    -2.5127840042114258e+00 ]
node_33: [ -1.6928709745407104e+00, -3.1493189930915833e-01,
    -2.5128340721130371e+00 ]
node_34: [ -1.7500609159469604e+00, -3.5652127861976624e-01,
    -2.5127141475677490e+00 ]
node_35: [ -1.8072447776794434e+00, -3.9811673760414124e-01, 0. ]
node_36: [ -1.8072447776794434e+00, -3.9811673760414124e-01,
    2.9849522113800049e+00 ]
node_37: [ -1.8566343784332275e+00, -3.9031642675399780e-01,
    2.9849338531494141e+00 ]
node_38: [ -1.9060178995132446e+00, -3.8251614570617676e-01,
    2.9850733280181885e+00 ]
node_39: [ -1.9554076194763184e+00, -3.7472194433212280e-01,
    2.9849526882171631e+00 ]
node_40: [ -2.0047972202301025e+00, -3.6692166328430176e-01,
    2.9849522113800049e+00 ]
node_41: [ -2.0541868209838867e+00, -3.5912135243415833e-01,
    2.9850549697875977e+00 ]
node_42: [ -2.1035704612731934e+00, -3.5132718086242676e-01,
    2.9849522113800049e+00 ]
node_43: [ -2.1529600620269775e+00, -3.4352687001228333e-01,
    2.9849526882171631e+00 ]
node_44: [ -2.2023496627807617e+00, -3.3572658896446228e-01,
    2.9850728511810303e+00 ]
node_45: [ -2.2517392635345459e+00, -3.2793238759040833e-01,
    2.9849340915679932e+00 ]
node_46: [ -2.3011229038238525e+00, -3.2013210654258728e-01, 0. ]
node_47: [ -2.3011229038238525e+00, -3.2013210654258728e-01,
    -1.5665847063064575e-01 ]
node_48: [ -2.2517392635345459e+00, -3.2793238759040833e-01,
    -1.5651977062225342e-01 ]
node_49: [ -2.2023496627807617e+00, -3.3572658896446228e-01,
    -1.5663985908031464e-01 ]
node_50: [ -2.1529600620269775e+00, -3.4352687001228333e-01,
    -1.5664045512676239e-01 ]
node_51: [ -2.1035704612731934e+00, -3.5132718086242676e-01,
    -1.5653775632381439e-01 ]
node_52: [ -2.0541868209838867e+00, -3.5912135243415833e-01,
    -1.5664045512676239e-01 ]
node_53: [ -2.0047972202301025e+00, -3.6692166328430176e-01,
    -1.5663985908031464e-01 ]
node_54: [ -1.9554076194763184e+00, -3.7472194433212280e-01,
    -1.5651939809322357e-01 ]
node_55: [ -1.9060178995132446e+00, -3.8251614570617676e-01,
    -1.5665882825851440e-01 ]
node_56: [ -1.8566343784332275e+00, -3.9031642675399780e-01,
    -1.5664045512676239e-01 ]
node_57: [ -1.8072447776794434e+00, -3.9811673760414124e-01,
    6.2887859344482422e-01 ]
node_58: [ -1.7500609159469604e+00, -3.5652127861976624e-01,
    6.2875849008560181e-01 ]
node_59: [ -1.6928709745407104e+00, -3.1493189930915833e-01,
    -1.5664008259773254e-01 ]
node_60: [ -1.6434812545776367e+00, -3.2273221015930176e-01,
    6.2880867719650269e-01 ]
node_61: [ -1.5862973928451538e+00, -2.8114286065101624e-01,
    -1.5651917457580566e-01 ]
node_62: [ -1.5369077920913696e+00, -2.8893703222274780e-01,
    -1.5664045512676239e-01 ]
node_63: [ -1.4875181913375854e+00, -2.9673734307289124e-01,
    -1.5665847063064575e-01 ]
node_64: [ -1.4381345510482788e+00, -3.0453762412071228e-01,
    6.2875813245773315e-01 ]
node_65: [ -1.3809446096420288e+00, -2.6294827461242676e-01,
    -1.5653812885284424e-01 ]
node_66: [ -1.3315610885620117e+00, -2.7074244618415833e-01,
    -1.5664045512676239e-01 ]
node_67: [ -1.2821714878082275e+00, -2.7854275703430176e-01,
    -1.5663950145244598e-01 ]
node_68: [ -1.2327817678451538e+00, -2.8634303808212280e-01,
    -1.5651977062225342e-01 ]
node_69: [ -1.1833921670913696e+00, -2.9413723945617676e-01,
    -1.5665882825851440e-01 ]
node_70: [ -1.1340086460113525e+00, -3.0193752050399780e-01,
    -1.5664008259773254e-01 ]
node_71: [ -1.0846189260482788e+00, -3.0973783135414124e-01,
    -1.5651917457580566e-01 ]
node_72: [ -1.0352293252944946e+00, -3.1753200292587280e-01,
    -1.5664026141166687e-01 ]
node_73: [ -9.8583966493606567e-01, -3.2533231377601624e-01,
    -1.5653812885284424e-01 ]
node_74: [ -9.3645614385604858e-01, -3.3312648534774780e-01,
    -1.5664026141166687e-01 ]
node_75: [ -8.8706648349761963e-01, -3.4092679619789124e-01,
    -1.5663968026638031e-01 ]
node_76: [ -8.3767682313919067e-01, -3.4872707724571228e-01,
    6.2880921363830566e-01 ]
node_77: [ -7.8049302101135254e-01, -3.0713772773742676e-01,
    6.2875813245773315e-01 ]
node_78: [ -7.2330307960510254e-01, -2.6554837822914124e-01,
    6.2887877225875854e-01 ]
node_79: [ -6.6611921787261963e-01, -2.2395290434360504e-01,
    6.2875813245773315e-01 ]
node_80: [ -6.0892927646636963e-01, -1.8236355483531952e-01, 0. ]
node_81: [ -6.0892927646636963e-01, -1.8236355483531952e-01,
    2.9850730895996094e+00 ]
node_82: [ -6.5831893682479858e-01, -1.7456935346126556e-01,
    2.9849529266357422e+00 ]
node_83: [ -7.0770859718322754e-01, -1.6676907241344452e-01,
    2.9849524497985840e+00 ]
node_84: [ -7.5709819793701172e-01, -1.5896877646446228e-01,
    2.9850544929504395e+00 ]
node_85: [ -8.0648177862167358e-01, -1.5117458999156952e-01,
    2.9849526882171631e+00 ]
node_86: [ -8.5587143898010254e-01, -1.4337429404258728e-01,
    2.9849524497985840e+00 ]
node_87: [ -9.0526103973388672e-01, -1.3557399809360504e-01,
    2.9850733280181885e+00 ]
node_88: [ -9.5465070009231567e-01, -1.2777981162071228e-01,
    2.9849336147308350e+00 ]
