%YAML:1.0
---
total_node: 950
node_0: [ -3.5465873718261719e+01, 6.9861426353454590e+00,
    1.4464259147644043e+00 ]
node_1: [ -3.5459671020507812e+01, 7.0357580184936523e+00,
    1.4464105367660522e+00 ]
node_2: [ -3.5453468322753906e+01, 7.0853672027587891e+00,
    1.4465016126632690e+00 ]
node_3: [ -3.5447269439697266e+01, 7.1349825859069824e+00,
    1.4464271068572998e+00 ]
node_4: [ -3.5441066741943359e+01, 7.1845984458923340e+00,
    1.4464259147644043e+00 ]
node_5: [ -3.5434864044189453e+01, 7.2342138290405273e+00,
    1.4464105367660522e+00 ]
node_6: [ -3.5428661346435547e+01, 7.2838230133056641e+00,
    1.4465016126632690e+00 ]
node_7: [ -3.5422462463378906e+01, 7.3334383964538574e+00,
    1.4464271068572998e+00 ]
node_8: [ -3.5416259765625000e+01, 7.3830542564392090e+00,
    1.4464259147644043e+00 ]
node_9: [ -3.5410057067871094e+01, 7.4326696395874023e+00,
    1.4464105367660522e+00 ]
node_10: [ -3.5403854370117188e+01, 7.4822788238525391e+00,
    1.4464259147644043e+00 ]
node_11: [ -3.5397651672363281e+01, 7.5318942070007324e+00,
    1.4465028047561646e+00 ]
node_12: [ -3.5391452789306641e+01, 7.5815100669860840e+00,
    1.4464259147644043e+00 ]
node_13: [ -3.5385250091552734e+01, 7.6311254501342773e+00,
    1.4464862346649170e+00 ]
node_14: [ -3.5379051208496094e+01, 7.6807346343994141e+00,
    1.4464259147644043e+00 ]
node_15: [ -3.5372848510742188e+01, 7.7303500175476074e+00,
    1.4464271068572998e+00 ]
node_16: [ -3.5366645812988281e+01, 7.7799658775329590e+00,
    1.4464259147644043e+00 ]
node_17: [ -3.5360443115234375e+01, 7.8295812606811523e+00,
    1.4464105367660522e+00 ]
node_18: [ -3.5354240417480469e+01, 7.8791904449462891e+00,
    1.4465016126632690e+00 ]
node_19: [ -3.5348041534423828e+01, 7.9288058280944824e+00,
    1.4464271068572998e+00 ]
node_20: [ -3.5341838836669922e+01, 7.9784216880798340e+00,
    1.4464093446731567e+00 ]
node_21: [ -3.5335636138916016e+01, 8.0280303955078125e+00,
    1.4464271068572998e+00 ]
node_22: [ -3.5329433441162109e+01, 8.0776462554931641e+00,
    1.4465028047561646e+00 ]
node_23: [ -3.5323234558105469e+01, 8.1272621154785156e+00,
    1.4464247226715088e+00 ]
node_24: [ -3.5317031860351562e+01, 8.1768770217895508e+00,
    1.4464105367660522e+00 ]
node_25: [ -3.5310829162597656e+01, 8.2264862060546875e+00,
    1.4464271068572998e+00 ]
node_26: [ -3.5304626464843750e+01, 8.2761020660400391e+00,
    1.4464271068572998e+00 ]
node_27: [ -3.5298423767089844e+01, 8.3257179260253906e+00,
    1.4465004205703735e+00 ]
node_28: [ -3.5292224884033203e+01, 8.3753328323364258e+00,
    1.4464105367660522e+00 ]
node_29: [ -3.5286022186279297e+01, 8.4249420166015625e+00,
    1.4465028047561646e+00 ]
node_30: [ -3.5279823303222656e+01, 8.4745578765869141e+00,
    1.4464271068572998e+00 ]
node_31: [ -3.5273620605468750e+01, 8.5241737365722656e+00,
    1.4464247226715088e+00 ]
node_32: [ -3.5267417907714844e+01, 8.5737886428833008e+00,
    1.4464105367660522e+00 ]
node_33: [ -3.5261215209960938e+01, 8.6233978271484375e+00,
    1.4464271068572998e+00 ]
node_34: [ -3.5255012512207031e+01, 8.6730136871337891e+00,
    1.4465028047561646e+00 ]
node_35: [ -3.5248813629150391e+01, 8.7226295471191406e+00,
    1.4464247226715088e+00 ]
node_36: [ -3.5242610931396484e+01, 8.7722444534301758e+00,
    1.4464105367660522e+00 ]
node_37: [ -3.5236408233642578e+01, 8.8218536376953125e+00,
    1.4464271068572998e+00 ]
node_38: [ -3.5230205535888672e+01, 8.8714694976806641e+00,
    1.4465028047561646e+00 ]
node_39: [ -3.5224006652832031e+01, 8.9210853576660156e+00,
    1.4464247226715088e+00 ]
node_40: [ -3.5217803955078125e+01, 8.9707002639770508e+00,
    1.4464129209518433e+00 ]
node_41: [ -3.5211601257324219e+01, 9.0203104019165039e+00,
    1.4465004205703735e+00 ]
node_42: [ -3.5205402374267578e+01, 9.0699253082275391e+00,
    1.4463514089584351e+00 ]
node_43: [ -3.5199195861816406e+01, 9.1195411682128906e+00,
    1.4464862346649170e+00 ]
node_44: [ -3.5192996978759766e+01, 9.1691503524780273e+00,
    1.4464271068572998e+00 ]
node_45: [ -3.5186794281005859e+01, 9.2187662124633789e+00,
    1.4465004205703735e+00 ]
node_46: [ -3.5180595397949219e+01, 9.2683811187744141e+00,
    1.4464271068572998e+00 ]
node_47: [ -3.5174392700195312e+01, 9.3179969787597656e+00,
    1.4464105367660522e+00 ]
node_48: [ -3.5168190002441406e+01, 9.3676061630249023e+00,
    1.4464271068572998e+00 ]
node_49: [ -3.5161987304687500e+01, 9.4172220230102539e+00,
    1.4464247226715088e+00 ]
node_50: [ -3.5155784606933594e+01, 9.4668369293212891e+00,
    1.4465028047561646e+00 ]
node_51: [ -3.5149585723876953e+01, 9.5164527893066406e+00, 0. ]
node_52: [ -3.5149585723876953e+01, 9.5164527893066406e+00,
    1.4464105367660522e+00 ]
node_53: [ -3.5143383026123047e+01, 9.5660619735717773e+00,
    2.2318205833435059e+00 ]
node_54: [ -3.5186794281005859e+01, 9.6218786239624023e+00,
    1.4465028047561646e+00 ]
node_55: [ -3.5180595397949219e+01, 9.6714944839477539e+00,
    1.4464247226715088e+00 ]
node_56: [ -3.5174392700195312e+01, 9.7211093902587891e+00,
    1.4464105367660522e+00 ]
node_57: [ -3.5168190002441406e+01, 9.7707185745239258e+00,
    2.2318205833435059e+00 ]
node_58: [ -3.5211601257324219e+01, 9.8265352249145508e+00,
    1.4465028047561646e+00 ]
node_59: [ -3.5205402374267578e+01, 9.8761510848999023e+00,
    1.4463514089584351e+00 ]
node_60: [ -3.5199195861816406e+01, 9.9257669448852539e+00,
    1.4465004205703735e+00 ]
node_61: [ -3.5192996978759766e+01, 9.9753818511962891e+00,
    1.4464105367660522e+00 ]
node_62: [ -3.5186794281005859e+01, 1.0024991035461426e+01,
    1.4465028047561646e+00 ]
node_63: [ -3.5180595397949219e+01, 1.0074606895446777e+01,
    1.4464271068572998e+00 ]
node_64: [ -3.5174392700195312e+01, 1.0124222755432129e+01,
    1.4464105367660522e+00 ]
node_65: [ -3.5168190002441406e+01, 1.0173831939697266e+01,
    1.4464247226715088e+00 ]
node_66: [ -3.5161987304687500e+01, 1.0223446846008301e+01,
    1.4464271068572998e+00 ]
node_67: [ -3.5155784606933594e+01, 1.0273062705993652e+01,
    1.4465028047561646e+00 ]
node_68: [ -3.5149585723876953e+01, 1.0322678565979004e+01,
    1.4464105367660522e+00 ]
node_69: [ -3.5143383026123047e+01, 1.0372287750244141e+01,
    1.4464247226715088e+00 ]
node_70: [ -3.5137180328369141e+01, 1.0421902656555176e+01,
    1.4464271068572998e+00 ]
node_71: [ -3.5130977630615234e+01, 1.0471518516540527e+01,
    1.4465028047561646e+00 ]
node_72: [ -3.5124778747558594e+01, 1.0521134376525879e+01,
    1.4464105367660522e+00 ]
node_73: [ -3.5118576049804688e+01, 1.0570743560791016e+01,
    1.4464247226715088e+00 ]
node_74: [ -3.5112373352050781e+01, 1.0620358467102051e+01,
    1.4465028047561646e+00 ]
node_75: [ -3.5106174468994141e+01, 1.0669974327087402e+01,
    1.4463514089584351e+00 ]
node_76: [ -3.5099967956542969e+01, 1.0719590187072754e+01,
    1.4464862346649170e+00 ]
node_77: [ -3.5093769073486328e+01, 1.0769199371337891e+01,
    1.4464247226715088e+00 ]
node_78: [ -3.5087566375732422e+01, 1.0818814277648926e+01,
    1.4465028047561646e+00 ]
node_79: [ -3.5081367492675781e+01, 1.0868430137634277e+01,
    1.4464271068572998e+00 ]
node_80: [ -3.5075164794921875e+01, 1.0918045997619629e+01,
    1.4464105367660522e+00 ]
node_81: [ -3.5068962097167969e+01, 1.0967655181884766e+01,
    1.4464247226715088e+00 ]
node_82: [ -3.5062759399414062e+01, 1.1017270088195801e+01,
    1.4464271068572998e+00 ]
node_83: [ -3.5056556701660156e+01, 1.1066885948181152e+01,
    1.4465028047561646e+00 ]
node_84: [ -3.5050357818603516e+01, 1.1116501808166504e+01,
    1.4464105367660522e+00 ]
node_85: [ -3.5044155120849609e+01, 1.1166110992431641e+01,
    1.4465004205703735e+00 ]
node_86: [ -3.5037956237792969e+01, 1.1215725898742676e+01,
    6.6106683015823364e-01 ]
node_87: [ -3.4982139587402344e+01, 1.1259140968322754e+01,
    6.6098165512084961e-01 ]
node_88: [ -3.4926322937011719e+01, 1.1302548408508301e+01, 0. ]
node_89: [ -3.4926322937011719e+01, 1.1302548408508301e+01,
    1.4464271068572998e+00 ]
