%YAML:1.0
---
total_node: 1018
node_0: [ -2.2645854949951172e+01, 5.4782810211181641e+00,
    1.4897966384887695e+00 ]
node_1: [ -2.2641809463500977e+01, 5.5281162261962891e+00,
    1.4896445274353027e+00 ]
node_2: [ -2.2637756347656250e+01, 5.5779514312744141e+00,
    1.4896445274353027e+00 ]
node_3: [ -2.2633703231811523e+01, 5.6277866363525391e+00,
    1.4898066520690918e+00 ]
node_4: [ -2.2629657745361328e+01, 5.6776280403137207e+00,
    1.4896445274353027e+00 ]
node_5: [ -2.2625604629516602e+01, 5.7274632453918457e+00,
    1.4897586107254028e+00 ]
node_6: [ -2.2621557235717773e+01, 5.7772984504699707e+00,
    1.4896445274353027e+00 ]
node_7: [ -2.2617504119873047e+01, 5.8271336555480957e+00,
    1.4896825551986694e+00 ]
node_8: [ -2.2613452911376953e+01, 5.8769688606262207e+00,
    1.4897586107254028e+00 ]
node_9: [ -2.2609405517578125e+01, 5.9268040657043457e+00,
    1.4896445274353027e+00 ]
node_10: [ -2.2605352401733398e+01, 5.9766392707824707e+00,
    1.4897966384887695e+00 ]
node_11: [ -2.2601306915283203e+01, 6.0264744758605957e+00,
    1.4896445274353027e+00 ]
node_12: [ -2.2597253799438477e+01, 6.0763096809387207e+00,
    1.4896445274353027e+00 ]
node_13: [ -2.2593200683593750e+01, 6.1261448860168457e+00,
    1.4897586107254028e+00 ]
node_14: [ -2.2589153289794922e+01, 6.1759800910949707e+00,
    1.4896825551986694e+00 ]
node_15: [ -2.2585102081298828e+01, 6.2258152961730957e+00,
    1.4897586107254028e+00 ]
node_16: [ -2.2581054687500000e+01, 6.2756505012512207e+00,
    1.4896546602249146e+00 ]
node_17: [ -2.2577001571655273e+01, 6.3254919052124023e+00,
    1.4896445274353027e+00 ]
node_18: [ -2.2572948455810547e+01, 6.3753271102905273e+00,
    1.4897966384887695e+00 ]
node_19: [ -2.2568902969360352e+01, 6.4251623153686523e+00,
    1.4896445274353027e+00 ]
node_20: [ -2.2564849853515625e+01, 6.4749975204467773e+00,
    1.4897586107254028e+00 ]
node_21: [ -2.2560802459716797e+01, 6.5248327255249023e+00,
    1.4896825551986694e+00 ]
node_22: [ -2.2556751251220703e+01, 6.5746679306030273e+00,
    1.4897586107254028e+00 ]
node_23: [ -2.2552703857421875e+01, 6.6245031356811523e+00,
    1.4896445274353027e+00 ]
node_24: [ -2.2548650741577148e+01, 6.6743383407592773e+00,
    1.4896445274353027e+00 ]
node_25: [ -2.2544597625732422e+01, 6.7241735458374023e+00,
    1.4897966384887695e+00 ]
node_26: [ -2.2540552139282227e+01, 6.7740087509155273e+00,
    1.4896445274353027e+00 ]
node_27: [ -2.2536499023437500e+01, 6.8238439559936523e+00,
    1.4897586107254028e+00 ]
node_28: [ -2.2532451629638672e+01, 6.8736791610717773e+00,
    1.4896926879882812e+00 ]
node_29: [ -2.2528400421142578e+01, 6.9235205650329590e+00,
    1.4896445274353027e+00 ]
node_30: [ -2.2524347305297852e+01, 6.9733557701110840e+00,
    1.4897586107254028e+00 ]
node_31: [ -2.2520299911499023e+01, 7.0231909751892090e+00,
    1.4896445274353027e+00 ]
node_32: [ -2.2516246795654297e+01, 7.0730261802673340e+00,
    1.4897966384887695e+00 ]
node_33: [ -2.2512201309204102e+01, 7.1228613853454590e+00,
    1.4896445274353027e+00 ]
node_34: [ -2.2508148193359375e+01, 7.1726965904235840e+00,
    1.4896445274353027e+00 ]
node_35: [ -2.2504095077514648e+01, 7.2225317955017090e+00,
    1.4897966384887695e+00 ]
node_36: [ -2.2500049591064453e+01, 7.2723670005798340e+00,
    1.4896445274353027e+00 ]
node_37: [ -2.2495996475219727e+01, 7.3222022056579590e+00,
    1.4897586107254028e+00 ]
node_38: [ -2.2491949081420898e+01, 7.3720374107360840e+00,
    1.4896445274353027e+00 ]
node_39: [ -2.2487895965576172e+01, 7.4218726158142090e+00,
    1.4896825551986694e+00 ]
node_40: [ -2.2483844757080078e+01, 7.4717078208923340e+00,
    1.4897586107254028e+00 ]
node_41: [ -2.2479797363281250e+01, 7.5215430259704590e+00, 0. ]
node_42: [ -2.2479797363281250e+01, 7.5215430259704590e+00,
    2.2750470638275146e+00 ]
node_43: [ -2.2525579452514648e+01, 7.5754308700561523e+00,
    2.2751293182373047e+00 ]
node_44: [ -2.2571369171142578e+01, 7.6293187141418457e+00,
    2.2751038074493408e+00 ]
node_45: [ -2.2617151260375977e+01, 7.6832003593444824e+00,
    2.2751045227050781e+00 ]
node_46: [ -2.2662939071655273e+01, 7.7370886802673340e+00,
    2.2750470638275146e+00 ]
node_47: [ -2.2708721160888672e+01, 7.7909765243530273e+00,
    1.4897966384887695e+00 ]
node_48: [ -2.2704675674438477e+01, 7.8408117294311523e+00,
    2.2750470638275146e+00 ]
node_49: [ -2.2750457763671875e+01, 7.8946995735168457e+00,
    1.4897586107254028e+00 ]
node_50: [ -2.2746410369873047e+01, 7.9445347785949707e+00,
    1.4896825551986694e+00 ]
node_51: [ -2.2742359161376953e+01, 7.9943699836730957e+00,
    1.4896438121795654e+00 ]
node_52: [ -2.2738306045532227e+01, 8.0442047119140625e+00,
    2.2751567363739014e+00 ]
node_53: [ -2.2784093856811523e+01, 8.0980873107910156e+00,
    1.4896538257598877e+00 ]
node_54: [ -2.2780040740966797e+01, 8.1479282379150391e+00,
    1.4897966384887695e+00 ]
node_55: [ -2.2775995254516602e+01, 8.1977634429931641e+00,
    1.4896445274353027e+00 ]
node_56: [ -2.2771942138671875e+01, 8.2475986480712891e+00,
    1.4897586107254028e+00 ]
node_57: [ -2.2767894744873047e+01, 8.2974338531494141e+00,
    2.2751245498657227e+00 ]
node_58: [ -2.2813678741455078e+01, 8.3513154983520508e+00,
    1.4896553754806519e+00 ]
node_59: [ -2.2809625625610352e+01, 8.4011573791503906e+00,
    1.4897586107254028e+00 ]
node_60: [ -2.2805578231811523e+01, 8.4509925842285156e+00,
    1.4896445274353027e+00 ]
node_61: [ -2.2801525115966797e+01, 8.5008277893066406e+00,
    1.4897966384887695e+00 ]
node_62: [ -2.2797479629516602e+01, 8.5506629943847656e+00,
    1.4896445274353027e+00 ]
node_63: [ -2.2793426513671875e+01, 8.6004981994628906e+00,
    1.4896445274353027e+00 ]
node_64: [ -2.2789373397827148e+01, 8.6503334045410156e+00,
    1.4897966384887695e+00 ]
node_65: [ -2.2785327911376953e+01, 8.7001686096191406e+00,
    1.4896445274353027e+00 ]
node_66: [ -2.2781274795532227e+01, 8.7500038146972656e+00,
    1.4897586107254028e+00 ]
node_67: [ -2.2777227401733398e+01, 8.7998390197753906e+00,
    1.4896445274353027e+00 ]
node_68: [ -2.2773174285888672e+01, 8.8496742248535156e+00,
    1.4896825551986694e+00 ]
node_69: [ -2.2769123077392578e+01, 8.8995094299316406e+00,
    1.4897586107254028e+00 ]
node_70: [ -2.2765075683593750e+01, 8.9493446350097656e+00,
    1.4896445274353027e+00 ]
node_71: [ -2.2761022567749023e+01, 8.9991798400878906e+00,
    1.4898059368133545e+00 ]
node_72: [ -2.2756977081298828e+01, 9.0490207672119141e+00,
    1.4896445274353027e+00 ]
node_73: [ -2.2752923965454102e+01, 9.0988559722900391e+00,
    1.4897586107254028e+00 ]
node_74: [ -2.2748876571655273e+01, 9.1486911773681641e+00,
    1.4896445274353027e+00 ]
node_75: [ -2.2744823455810547e+01, 9.1985263824462891e+00,
    1.4896825551986694e+00 ]
node_76: [ -2.2740772247314453e+01, 9.2483615875244141e+00,
    1.4897586107254028e+00 ]
node_77: [ -2.2736724853515625e+01, 9.2981967926025391e+00,
    1.4896445274353027e+00 ]
node_78: [ -2.2732671737670898e+01, 9.3480319976806641e+00,
    1.4897966384887695e+00 ]
node_79: [ -2.2728626251220703e+01, 9.3978672027587891e+00,
    1.4896445274353027e+00 ]
node_80: [ -2.2724573135375977e+01, 9.4477024078369141e+00,
    1.4896445274353027e+00 ]
node_81: [ -2.2720520019531250e+01, 9.4975376129150391e+00,
    1.4897586107254028e+00 ]
node_82: [ -2.2716472625732422e+01, 9.5473728179931641e+00,
    1.4896825551986694e+00 ]
node_83: [ -2.2712421417236328e+01, 9.5972080230712891e+00,
    1.4897694587707520e+00 ]
node_84: [ -2.2708374023437500e+01, 9.6470499038696289e+00,
    1.4896445274353027e+00 ]
node_85: [ -2.2704320907592773e+01, 9.6968851089477539e+00,
    1.4896445274353027e+00 ]
node_86: [ -2.2700267791748047e+01, 9.7467203140258789e+00,
    1.4897966384887695e+00 ]
node_87: [ -2.2696222305297852e+01, 9.7965555191040039e+00,
    1.4896445274353027e+00 ]
node_88: [ -2.2692169189453125e+01, 9.8463907241821289e+00,
    1.4897586107254028e+00 ]
