%YAML:1.0
---
total_node: 487
node_0: [ -3.0068460464477539e+01, 2.9527328491210938e+01,
    -1.6797767877578735e+00 ]
node_1: [ -3.0073898315429688e+01, 2.9477628707885742e+01,
    -1.6797305345535278e+00 ]
node_2: [ -3.0079334259033203e+01, 2.9427925109863281e+01,
    -1.6797642707824707e+00 ]
node_3: [ -3.0084772109985352e+01, 2.9378219604492188e+01,
    -1.6797305345535278e+00 ]
node_4: [ -3.0090208053588867e+01, 2.9328516006469727e+01,
    -1.6796926259994507e+00 ]
node_5: [ -3.0095642089843750e+01, 2.9278812408447266e+01,
    -1.6797684431076050e+00 ]
node_6: [ -3.0101079940795898e+01, 2.9229108810424805e+01,
    -1.6797305345535278e+00 ]
node_7: [ -3.0106515884399414e+01, 2.9179405212402344e+01,
    -1.6797347068786621e+00 ]
node_8: [ -3.0111951828002930e+01, 2.9129703521728516e+01,
    -1.6797684431076050e+00 ]
node_9: [ -3.0117389678955078e+01, 2.9079999923706055e+01,
    -1.6796926259994507e+00 ]
node_10: [ -3.0122823715209961e+01, 2.9030296325683594e+01,
    -1.6798022985458374e+00 ]
node_11: [ -3.0128263473510742e+01, 2.8980590820312500e+01,
    -1.6796926259994507e+00 ]
node_12: [ -3.0133697509765625e+01, 2.8930887222290039e+01,
    -1.6797305345535278e+00 ]
node_13: [ -3.0139133453369141e+01, 2.8881183624267578e+01,
    -1.6797684431076050e+00 ]
node_14: [ -3.0144571304321289e+01, 2.8831480026245117e+01,
    -1.6797305345535278e+00 ]
node_15: [ -3.0150007247924805e+01, 2.8781776428222656e+01,
    -1.6796967983245850e+00 ]
node_16: [ -3.0155441284179688e+01, 2.8732074737548828e+01,
    -1.6797684431076050e+00 ]
node_17: [ -3.0160879135131836e+01, 2.8682371139526367e+01,
    -1.6797305345535278e+00 ]
node_18: [ -3.0166315078735352e+01, 2.8632667541503906e+01,
    -1.6797642707824707e+00 ]
node_19: [ -3.0171752929687500e+01, 2.8582962036132812e+01,
    -1.6797305345535278e+00 ]
node_20: [ -3.0177188873291016e+01, 2.8533258438110352e+01,
    -1.6796926259994507e+00 ]
node_21: [ -3.0182622909545898e+01, 2.8483554840087891e+01,
    -1.6798063516616821e+00 ]
node_22: [ -3.0188062667846680e+01, 2.8433851242065430e+01,
    -1.6796926259994507e+00 ]
node_23: [ -3.0193496704101562e+01, 2.8384147644042969e+01,
    -1.6797347068786621e+00 ]
node_24: [ -3.0198932647705078e+01, 2.8334445953369141e+01,
    -1.6797684431076050e+00 ]
node_25: [ -3.0204370498657227e+01, 2.8284742355346680e+01,
    -1.6797305345535278e+00 ]
node_26: [ -3.0209806442260742e+01, 2.8235038757324219e+01,
    -1.6797642707824707e+00 ]
node_27: [ -3.0215244293212891e+01, 2.8185333251953125e+01,
    -1.6796926259994507e+00 ]
node_28: [ -3.0220678329467773e+01, 2.8135629653930664e+01,
    -1.6797305345535278e+00 ]
node_29: [ -3.0226114273071289e+01, 2.8085926055908203e+01,
    -1.6797684431076050e+00 ]
node_30: [ -3.0231552124023438e+01, 2.8036222457885742e+01,
    -1.6797305345535278e+00 ]
node_31: [ -3.0236988067626953e+01, 2.7986518859863281e+01,
    -1.6796967983245850e+00 ]
node_32: [ -3.0242422103881836e+01, 2.7936817169189453e+01,
    -1.6798063516616821e+00 ]
node_33: [ -3.0247861862182617e+01, 2.7887113571166992e+01,
    -1.6796926259994507e+00 ]
node_34: [ -3.0253295898437500e+01, 2.7837409973144531e+01,
    -1.6797642707824707e+00 ]
node_35: [ -3.0258733749389648e+01, 2.7787704467773438e+01,
    -1.6797305345535278e+00 ]
node_36: [ -3.0264169692993164e+01, 2.7738000869750977e+01,
    -1.6797305345535278e+00 ]
node_37: [ -3.0269605636596680e+01, 2.7688297271728516e+01,
    -1.6797684431076050e+00 ]
node_38: [ -3.0275043487548828e+01, 2.7638593673706055e+01,
    -1.6796967983245850e+00 ]
node_39: [ -3.0280477523803711e+01, 2.7588891983032227e+01,
    -1.6797305345535278e+00 ]
node_40: [ -3.0285913467407227e+01, 2.7539188385009766e+01,
    -1.6797684431076050e+00 ]
node_41: [ -3.0291351318359375e+01, 2.7489484786987305e+01,
    -1.6797305345535278e+00 ]
node_42: [ -3.0296787261962891e+01, 2.7439781188964844e+01,
    -1.6797642707824707e+00 ]
node_43: [ -3.0302225112915039e+01, 2.7390075683593750e+01,
    -1.6797305345535278e+00 ]
node_44: [ -3.0307661056518555e+01, 2.7340372085571289e+01,
    -1.6796926259994507e+00 ]
node_45: [ -3.0313095092773438e+01, 2.7290668487548828e+01,
    -1.6797684431076050e+00 ]
node_46: [ -3.0318532943725586e+01, 2.7240964889526367e+01,
    -1.6797347068786621e+00 ]
node_47: [ -3.0323968887329102e+01, 2.7191263198852539e+01,
    -1.6797305345535278e+00 ]
node_48: [ -3.0329404830932617e+01, 2.7141559600830078e+01,
    -1.6797684431076050e+00 ]
node_49: [ -3.0334842681884766e+01, 2.7091856002807617e+01,
    -1.6796926259994507e+00 ]
node_50: [ -3.0340276718139648e+01, 2.7042152404785156e+01,
    -1.6798022985458374e+00 ]
node_51: [ -3.0345716476440430e+01, 2.6992446899414062e+01,
    -1.6796926259994507e+00 ]
node_52: [ -3.0351150512695312e+01, 2.6942743301391602e+01,
    -1.6797305345535278e+00 ]
node_53: [ -3.0356586456298828e+01, 2.6893039703369141e+01,
    -1.6797684431076050e+00 ]
node_54: [ -3.0362024307250977e+01, 2.6843336105346680e+01,
    -1.6797347068786621e+00 ]
node_55: [ -3.0367460250854492e+01, 2.6793634414672852e+01,
    -1.6796926259994507e+00 ]
node_56: [ -3.0372894287109375e+01, 2.6743930816650391e+01,
    -1.6797684431076050e+00 ]
node_57: [ -3.0378332138061523e+01, 2.6694227218627930e+01,
    -1.6797305345535278e+00 ]
node_58: [ -3.0383768081665039e+01, 2.6644523620605469e+01,
    -1.6797642707824707e+00 ]
node_59: [ -3.0389205932617188e+01, 2.6594818115234375e+01,
    -1.6797305345535278e+00 ]
node_60: [ -3.0394641876220703e+01, 2.6545114517211914e+01,
    -1.6796926259994507e+00 ]
node_61: [ -3.0400075912475586e+01, 2.6495410919189453e+01,
    -1.6798063516616821e+00 ]
node_62: [ -3.0405515670776367e+01, 2.6445707321166992e+01,
    -1.6796967983245850e+00 ]
node_63: [ -3.0410949707031250e+01, 2.6396005630493164e+01,
    -1.6797684431076050e+00 ]
node_64: [ -3.0416387557983398e+01, 2.6346302032470703e+01,
    -1.6797305345535278e+00 ]
node_65: [ -3.0421823501586914e+01, 2.6296598434448242e+01,
    -1.6797305345535278e+00 ]
node_66: [ -3.0427259445190430e+01, 2.6246894836425781e+01,
    -1.6797642707824707e+00 ]
node_67: [ -3.0432697296142578e+01, 2.6197189331054688e+01,
    -1.6796926259994507e+00 ]
node_68: [ -3.0438131332397461e+01, 2.6147485733032227e+01,
    -1.6797305345535278e+00 ]
node_69: [ -3.0443567276000977e+01, 2.6097782135009766e+01,
    -1.6797726154327393e+00 ]
node_70: [ -3.0449005126953125e+01, 2.6048080444335938e+01,
    -1.6797305345535278e+00 ]
node_71: [ -3.0454441070556641e+01, 2.5998376846313477e+01,
    -1.6797684431076050e+00 ]
node_72: [ -3.0459878921508789e+01, 2.5948673248291016e+01,
    -1.6797305345535278e+00 ]
node_73: [ -3.0465314865112305e+01, 2.5898969650268555e+01,
    -1.6796926259994507e+00 ]
node_74: [ -3.0470748901367188e+01, 2.5849266052246094e+01,
    -1.6797642707824707e+00 ]
node_75: [ -3.0476186752319336e+01, 2.5799560546875000e+01,
    -1.6797305345535278e+00 ]
node_76: [ -3.0481622695922852e+01, 2.5749856948852539e+01,
    -1.6797305345535278e+00 ]
node_77: [ -3.0487058639526367e+01, 2.5700153350830078e+01,
    -1.6797726154327393e+00 ]
node_78: [ -3.0492496490478516e+01, 2.5650451660156250e+01,
    -1.6796926259994507e+00 ]
node_79: [ -3.0497930526733398e+01, 2.5600748062133789e+01,
    -1.6798063516616821e+00 ]
node_80: [ -3.0503370285034180e+01, 2.5551044464111328e+01,
    -1.6796926259994507e+00 ]
node_81: [ -3.0508804321289062e+01, 2.5501340866088867e+01,
    -1.6797305345535278e+00 ]
node_82: [ -3.0514240264892578e+01, 2.5451637268066406e+01,
    -1.6797642707824707e+00 ]
node_83: [ -3.0519678115844727e+01, 2.5401931762695312e+01,
    -1.6797305345535278e+00 ]
node_84: [ -3.0525114059448242e+01, 2.5352228164672852e+01,
    -1.6796926259994507e+00 ]
node_85: [ -3.0530548095703125e+01, 2.5302524566650391e+01,
    -1.6797726154327393e+00 ]
node_86: [ -3.0535985946655273e+01, 2.5252822875976562e+01,
    -1.6797305345535278e+00 ]
node_87: [ -3.0541421890258789e+01, 2.5203119277954102e+01,
    -1.6797684431076050e+00 ]
