%YAML:1.0
---
total_node: 525
node_0: [ -2.3616888046264648e+01, 2.8978254318237305e+01,
    -1.6876420974731445e+00 ]
node_1: [ -2.3622716903686523e+01, 2.8928596496582031e+01,
    -1.6876331567764282e+00 ]
node_2: [ -2.3628545761108398e+01, 2.8878934860229492e+01,
    -1.6875283718109131e+00 ]
node_3: [ -2.3634368896484375e+01, 2.8829277038574219e+01,
    -1.6876375675201416e+00 ]
node_4: [ -2.3640197753906250e+01, 2.8779617309570312e+01,
    -1.6876375675201416e+00 ]
node_5: [ -2.3646026611328125e+01, 2.8729957580566406e+01,
    -1.6876375675201416e+00 ]
node_6: [ -2.3651855468750000e+01, 2.8680297851562500e+01,
    -1.6876420974731445e+00 ]
node_7: [ -2.3657684326171875e+01, 2.8630640029907227e+01,
    -1.6875195503234863e+00 ]
node_8: [ -2.3663507461547852e+01, 2.8580978393554688e+01,
    -1.6876420974731445e+00 ]
node_9: [ -2.3669336318969727e+01, 2.8531320571899414e+01,
    -1.6876420974731445e+00 ]
node_10: [ -2.3675165176391602e+01, 2.8481662750244141e+01,
    -1.6876331567764282e+00 ]
node_11: [ -2.3680994033813477e+01, 2.8432001113891602e+01,
    -1.6875283718109131e+00 ]
node_12: [ -2.3686817169189453e+01, 2.8382343292236328e+01,
    -1.6876420974731445e+00 ]
node_13: [ -2.3692646026611328e+01, 2.8332685470581055e+01,
    -1.6876331567764282e+00 ]
node_14: [ -2.3698474884033203e+01, 2.8283023834228516e+01,
    -1.6876420974731445e+00 ]
node_15: [ -2.3704303741455078e+01, 2.8233366012573242e+01,
    -1.6874904632568359e+00 ]
node_16: [ -2.3710124969482422e+01, 2.8183708190917969e+01,
    -1.6876331567764282e+00 ]
node_17: [ -2.3715953826904297e+01, 2.8134046554565430e+01,
    -1.6876420974731445e+00 ]
node_18: [ -2.3721782684326172e+01, 2.8084388732910156e+01,
    -1.6876375675201416e+00 ]
node_19: [ -2.3727611541748047e+01, 2.8034729003906250e+01,
    -1.6875239610671997e+00 ]
node_20: [ -2.3733434677124023e+01, 2.7985069274902344e+01,
    -1.6876375675201416e+00 ]
node_21: [ -2.3739263534545898e+01, 2.7935409545898438e+01, 0. ]
node_22: [ -2.3739263534545898e+01, 2.7935409545898438e+01,
    -1.6876420974731445e+00 ]
node_23: [ -2.3745092391967773e+01, 2.7885751724243164e+01,
    -9.0218043327331543e-01 ]
node_24: [ -2.3701257705688477e+01, 2.7830265045166016e+01,
    -1.6876331567764282e+00 ]
node_25: [ -2.3707086563110352e+01, 2.7780603408813477e+01,
    -1.6876420974731445e+00 ]
node_26: [ -2.3712915420532227e+01, 2.7730945587158203e+01,
    -9.0224397182464600e-01 ]
node_27: [ -2.3669086456298828e+01, 2.7675458908081055e+01,
    -1.6874904632568359e+00 ]
node_28: [ -2.3674907684326172e+01, 2.7625801086425781e+01,
    -1.6876331567764282e+00 ]
node_29: [ -2.3680736541748047e+01, 2.7576139450073242e+01,
    -1.6876420974731445e+00 ]
node_30: [ -2.3686565399169922e+01, 2.7526481628417969e+01,
    -1.6876375675201416e+00 ]
node_31: [ -2.3692394256591797e+01, 2.7476821899414062e+01,
    -1.6875239610671997e+00 ]
node_32: [ -2.3698217391967773e+01, 2.7427162170410156e+01,
    -9.0222722291946411e-01 ]
node_33: [ -2.3654388427734375e+01, 2.7371677398681641e+01,
    -1.6876331567764282e+00 ]
node_34: [ -2.3660217285156250e+01, 2.7322015762329102e+01,
    -1.6875283718109131e+00 ]
node_35: [ -2.3666040420532227e+01, 2.7272357940673828e+01,
    -1.6876420974731445e+00 ]
node_36: [ -2.3671869277954102e+01, 2.7222700119018555e+01,
    -9.0224397182464600e-01 ]
node_37: [ -2.3628040313720703e+01, 2.7167213439941406e+01,
    -1.6874816417694092e+00 ]
node_38: [ -2.3633861541748047e+01, 2.7117551803588867e+01,
    -1.6876420974731445e+00 ]
node_39: [ -2.3639690399169922e+01, 2.7067893981933594e+01,
    -1.6876375675201416e+00 ]
node_40: [ -2.3645519256591797e+01, 2.7018234252929688e+01,
    -1.6876375675201416e+00 ]
node_41: [ -2.3651348114013672e+01, 2.6968574523925781e+01,
    -1.6875239610671997e+00 ]
node_42: [ -2.3657171249389648e+01, 2.6918914794921875e+01,
    -1.6876420974731445e+00 ]
node_43: [ -2.3663000106811523e+01, 2.6869256973266602e+01,
    -1.6876331567764282e+00 ]
node_44: [ -2.3668828964233398e+01, 2.6819595336914062e+01,
    -1.6876420974731445e+00 ]
node_45: [ -2.3674657821655273e+01, 2.6769937515258789e+01,
    -1.6876420974731445e+00 ]
node_46: [ -2.3680486679077148e+01, 2.6720279693603516e+01,
    -1.6875195503234863e+00 ]
node_47: [ -2.3686309814453125e+01, 2.6670618057250977e+01,
    -1.6876420974731445e+00 ]
node_48: [ -2.3692138671875000e+01, 2.6620960235595703e+01,
    -1.6876420974731445e+00 ]
node_49: [ -2.3697967529296875e+01, 2.6571302413940430e+01,
    -1.6876331567764282e+00 ]
node_50: [ -2.3703796386718750e+01, 2.6521640777587891e+01,
    -1.6875283718109131e+00 ]
node_51: [ -2.3709619522094727e+01, 2.6471982955932617e+01,
    -1.6876331567764282e+00 ]
node_52: [ -2.3715448379516602e+01, 2.6422321319580078e+01,
    -1.6876420974731445e+00 ]
node_53: [ -2.3721277236938477e+01, 2.6372663497924805e+01,
    -1.6876420974731445e+00 ]
node_54: [ -2.3727106094360352e+01, 2.6323005676269531e+01,
    -1.6875195503234863e+00 ]
node_55: [ -2.3732929229736328e+01, 2.6273344039916992e+01,
    -1.6876420974731445e+00 ]
node_56: [ -2.3738758087158203e+01, 2.6223686218261719e+01,
    -1.6876375675201416e+00 ]
node_57: [ -2.3744586944580078e+01, 2.6174026489257812e+01,
    -1.6876375675201416e+00 ]
node_58: [ -2.3750415802001953e+01, 2.6124366760253906e+01,
    -1.6874860525131226e+00 ]
node_59: [ -2.3756237030029297e+01, 2.6074707031250000e+01,
    -1.6876420974731445e+00 ]
node_60: [ -2.3762065887451172e+01, 2.6025049209594727e+01,
    -1.6876331567764282e+00 ]
node_61: [ -2.3767894744873047e+01, 2.5975387573242188e+01,
    -1.6876420974731445e+00 ]
node_62: [ -2.3773723602294922e+01, 2.5925729751586914e+01,
    -1.6875283718109131e+00 ]
node_63: [ -2.3779546737670898e+01, 2.5876071929931641e+01,
    -1.6876331567764282e+00 ]
node_64: [ -2.3785375595092773e+01, 2.5826410293579102e+01,
    -1.6876420974731445e+00 ]
node_65: [ -2.3791204452514648e+01, 2.5776752471923828e+01,
    -1.6876420974731445e+00 ]
node_66: [ -2.3797033309936523e+01, 2.5727094650268555e+01,
    -1.6875195503234863e+00 ]
node_67: [ -2.3802856445312500e+01, 2.5677433013916016e+01,
    -1.6876420974731445e+00 ]
node_68: [ -2.3808685302734375e+01, 2.5627775192260742e+01,
    -1.6876420974731445e+00 ]
node_69: [ -2.3814514160156250e+01, 2.5578117370605469e+01,
    -1.6876331567764282e+00 ]
node_70: [ -2.3820343017578125e+01, 2.5528455734252930e+01,
    -1.6875283718109131e+00 ]
node_71: [ -2.3826166152954102e+01, 2.5478797912597656e+01,
    -1.6876375675201416e+00 ]
node_72: [ -2.3831995010375977e+01, 2.5429138183593750e+01,
    -1.6876375675201416e+00 ]
node_73: [ -2.3837823867797852e+01, 2.5379478454589844e+01,
    -1.6876375675201416e+00 ]
node_74: [ -2.3843652725219727e+01, 2.5329818725585938e+01,
    -1.6875283718109131e+00 ]
node_75: [ -2.3849475860595703e+01, 2.5280160903930664e+01,
    -1.6876331567764282e+00 ]
node_76: [ -2.3855304718017578e+01, 2.5230499267578125e+01,
    -9.0222275257110596e-01 ]
node_77: [ -2.3811473846435547e+01, 2.5175012588500977e+01,
    -1.6875283718109131e+00 ]
node_78: [ -2.3817296981811523e+01, 2.5125354766845703e+01,
    -1.6876420974731445e+00 ]
node_79: [ -2.3823125839233398e+01, 2.5075696945190430e+01,
    -1.6876331567764282e+00 ]
node_80: [ -2.3828954696655273e+01, 2.5026035308837891e+01,
    -9.0224397182464600e-01 ]
node_81: [ -2.3785125732421875e+01, 2.4970548629760742e+01,
    -1.6875283718109131e+00 ]
node_82: [ -2.3790948867797852e+01, 2.4920890808105469e+01,
    -1.6876375675201416e+00 ]
node_83: [ -2.3796777725219727e+01, 2.4871231079101562e+01,
    -1.6876375675201416e+00 ]
node_84: [ -2.3802606582641602e+01, 2.4821571350097656e+01,
    -1.6876375675201416e+00 ]
node_85: [ -2.3808435440063477e+01, 2.4771911621093750e+01,
    -1.6875283718109131e+00 ]
node_86: [ -2.3814258575439453e+01, 2.4722253799438477e+01,
    -1.6876331567764282e+00 ]
node_87: [ -2.3820087432861328e+01, 2.4672592163085938e+01,
    -1.6876420974731445e+00 ]
