%YAML:1.0
---
total_node: 692
node_0: [ -1.3179217338562012e+01, 2.5526554107666016e+01,
    -1.6459386348724365e+00 ]
node_1: [ -1.3182971000671387e+01, 2.5476694107055664e+01,
    -1.6459386348724365e+00 ]
node_2: [ -1.3186724662780762e+01, 2.5426834106445312e+01,
    -1.6459414958953857e+00 ]
node_3: [ -1.3190478324890137e+01, 2.5376976013183594e+01,
    -1.6459414958953857e+00 ]
node_4: [ -1.3194231986999512e+01, 2.5327117919921875e+01,
    -1.6459414958953857e+00 ]
node_5: [ -1.3197985649108887e+01, 2.5277259826660156e+01,
    -1.6458244323730469e+00 ]
node_6: [ -1.3201733589172363e+01, 2.5227399826049805e+01,
    -1.6459386348724365e+00 ]
node_7: [ -1.3205487251281738e+01, 2.5177539825439453e+01,
    -1.6459443569183350e+00 ]
node_8: [ -1.3209240913391113e+01, 2.5127683639526367e+01, 0. ]
node_9: [ -1.3209240913391113e+01, 2.5127683639526367e+01,
    -1.6459386348724365e+00 ]
node_10: [ -1.3212994575500488e+01, 2.5077823638916016e+01,
    -8.6054044961929321e-01 ]
node_11: [ -1.3166888236999512e+01, 2.5024209976196289e+01,
    -1.6459386348724365e+00 ]
node_12: [ -1.3170641899108887e+01, 2.4974349975585938e+01,
    -1.6459443569183350e+00 ]
node_13: [ -1.3174395561218262e+01, 2.4924493789672852e+01,
    -1.6459386348724365e+00 ]
node_14: [ -1.3178149223327637e+01, 2.4874633789062500e+01,
    -1.6458272933959961e+00 ]
node_15: [ -1.3181897163391113e+01, 2.4824775695800781e+01,
    -1.6459386348724365e+00 ]
node_16: [ -1.3185650825500488e+01, 2.4774915695190430e+01,
    -1.6459443569183350e+00 ]
node_17: [ -1.3189404487609863e+01, 2.4725059509277344e+01,
    -1.6459386348724365e+00 ]
node_18: [ -1.3193158149719238e+01, 2.4675199508666992e+01,
    -1.6459386348724365e+00 ]
node_19: [ -1.3196911811828613e+01, 2.4625339508056641e+01,
    -8.6054044961929321e-01 ]
node_20: [ -1.3150805473327637e+01, 2.4571725845336914e+01,
    -1.6459443569183350e+00 ]
node_21: [ -1.3154559135437012e+01, 2.4521869659423828e+01,
    -1.6459386348724365e+00 ]
node_22: [ -1.3158312797546387e+01, 2.4472009658813477e+01,
    -1.6458244323730469e+00 ]
node_23: [ -1.3162060737609863e+01, 2.4422149658203125e+01,
    -8.6050528287887573e-01 ]
node_24: [ -1.3115954399108887e+01, 2.4368539810180664e+01,
    -1.6459386348724365e+00 ]
node_25: [ -1.3119708061218262e+01, 2.4318679809570312e+01,
    -1.6459414958953857e+00 ]
node_26: [ -1.3123461723327637e+01, 2.4268821716308594e+01,
    -1.6459386348724365e+00 ]
node_27: [ -1.3127215385437012e+01, 2.4218961715698242e+01,
    -1.6459386348724365e+00 ]
node_28: [ -1.3130969047546387e+01, 2.4169101715087891e+01,
    -1.6459443569183350e+00 ]
node_29: [ -1.3134722709655762e+01, 2.4119245529174805e+01,
    -1.6459386348724365e+00 ]
node_30: [ -1.3138476371765137e+01, 2.4069385528564453e+01,
    -1.6458244323730469e+00 ]
node_31: [ -1.3142224311828613e+01, 2.4019525527954102e+01,
    -1.6459386348724365e+00 ]
node_32: [ -1.3145977973937988e+01, 2.3969665527343750e+01,
    -2.4313483238220215e+00 ]
node_33: [ -1.3199590682983398e+01, 2.3923561096191406e+01,
    -2.4313368797302246e+00 ]
node_34: [ -1.3253204345703125e+01, 2.3877454757690430e+01,
    -2.4313368797302246e+00 ]
node_35: [ -1.3306818008422852e+01, 2.3831348419189453e+01, 0. ]
node_36: [ -1.3306818008422852e+01, 2.3831348419189453e+01,
    -1.6458054780960083e+00 ]
node_37: [ -1.3310564994812012e+01, 2.3781488418579102e+01,
    -1.6459443569183350e+00 ]
node_38: [ -1.3314318656921387e+01, 2.3731632232666016e+01,
    -1.6459386348724365e+00 ]
node_39: [ -1.3318072319030762e+01, 2.3681772232055664e+01,
    -1.6459386348724365e+00 ]
node_40: [ -1.3321825981140137e+01, 2.3631912231445312e+01,
    -1.6459414958953857e+00 ]
node_41: [ -1.3325579643249512e+01, 2.3582054138183594e+01,
    -1.6459386348724365e+00 ]
node_42: [ -1.3329333305358887e+01, 2.3532194137573242e+01,
    -1.6459443569183350e+00 ]
node_43: [ -1.3333086967468262e+01, 2.3482337951660156e+01,
    -1.6459386348724365e+00 ]
node_44: [ -1.3336840629577637e+01, 2.3432477951049805e+01,
    -1.6458244323730469e+00 ]
node_45: [ -1.3340588569641113e+01, 2.3382617950439453e+01,
    -1.6459386348724365e+00 ]
node_46: [ -1.3344342231750488e+01, 2.3332757949829102e+01,
    -1.6459443569183350e+00 ]
node_47: [ -1.3348095893859863e+01, 2.3282901763916016e+01,
    -1.6459386348724365e+00 ]
node_48: [ -1.3351849555969238e+01, 2.3233041763305664e+01,
    -1.6459386348724365e+00 ]
node_49: [ -1.3355603218078613e+01, 2.3183181762695312e+01,
    -1.6459414958953857e+00 ]
node_50: [ -1.3359356880187988e+01, 2.3133323669433594e+01,
    -1.6459386348724365e+00 ]
node_51: [ -1.3363110542297363e+01, 2.3083463668823242e+01,
    -1.6458112001419067e+00 ]
node_52: [ -1.3366857528686523e+01, 2.3033607482910156e+01,
    -1.6459386348724365e+00 ]
node_53: [ -1.3370611190795898e+01, 2.2983747482299805e+01,
    -1.6459386348724365e+00 ]
node_54: [ -1.3374364852905273e+01, 2.2933887481689453e+01,
    -1.6459386348724365e+00 ]
node_55: [ -1.3378118515014648e+01, 2.2884027481079102e+01,
    -1.6459386348724365e+00 ]
node_56: [ -1.3381872177124023e+01, 2.2834167480468750e+01,
    -1.6459443569183350e+00 ]
node_57: [ -1.3385625839233398e+01, 2.2784311294555664e+01,
    -1.6459386348724365e+00 ]
node_58: [ -1.3389379501342773e+01, 2.2734451293945312e+01,
    -1.6458272933959961e+00 ]
node_59: [ -1.3393127441406250e+01, 2.2684593200683594e+01,
    -1.6459386348724365e+00 ]
node_60: [ -1.3396881103515625e+01, 2.2634733200073242e+01,
    -1.6459443569183350e+00 ]
node_61: [ -1.3400634765625000e+01, 2.2584877014160156e+01,
    -1.6459386348724365e+00 ]
node_62: [ -1.3404388427734375e+01, 2.2535017013549805e+01,
    -1.6459386348724365e+00 ]
node_63: [ -1.3408142089843750e+01, 2.2485157012939453e+01,
    -1.6459386348724365e+00 ]
node_64: [ -1.3411895751953125e+01, 2.2435297012329102e+01,
    -1.6459386348724365e+00 ]
node_65: [ -1.3415649414062500e+01, 2.2385437011718750e+01,
    -1.6459443569183350e+00 ]
node_66: [ -1.3419403076171875e+01, 2.2335580825805664e+01,
    -1.6458244323730469e+00 ]
node_67: [ -1.3423151016235352e+01, 2.2285720825195312e+01,
    -1.6459414958953857e+00 ]
node_68: [ -1.3426904678344727e+01, 2.2235862731933594e+01,
    -1.6459386348724365e+00 ]
node_69: [ -1.3430658340454102e+01, 2.2186002731323242e+01,
    -1.6459386348724365e+00 ]
node_70: [ -1.3434412002563477e+01, 2.2136142730712891e+01,
    -1.6459443569183350e+00 ]
node_71: [ -1.3438165664672852e+01, 2.2086286544799805e+01, 0. ]
node_72: [ -1.3438165664672852e+01, 2.2086286544799805e+01,
    -1.6459386348724365e+00 ]
node_73: [ -1.3441919326782227e+01, 2.2036426544189453e+01,
    -8.6054044961929321e-01 ]
node_74: [ -1.3395812988281250e+01, 2.1982812881469727e+01,
    -1.6459443569183350e+00 ]
node_75: [ -1.3399566650390625e+01, 2.1932956695556641e+01,
    -1.6458244323730469e+00 ]
node_76: [ -1.3403314590454102e+01, 2.1883096694946289e+01,
    -1.6459386348724365e+00 ]
node_77: [ -1.3407068252563477e+01, 2.1833236694335938e+01,
    -2.4313483238220215e+00 ]
node_78: [ -1.3460680961608887e+01, 2.1787132263183594e+01, 0. ]
node_79: [ -1.3460680961608887e+01, 2.1787132263183594e+01,
    -1.6459386348724365e+00 ]
node_80: [ -1.3464434623718262e+01, 2.1737272262573242e+01,
    -1.6459386348724365e+00 ]
node_81: [ -1.3468188285827637e+01, 2.1687412261962891e+01,
    -1.6459443569183350e+00 ]
node_82: [ -1.3471941947937012e+01, 2.1637556076049805e+01,
    -1.6458244323730469e+00 ]
node_83: [ -1.3475689888000488e+01, 2.1587696075439453e+01,
    -1.6459386348724365e+00 ]
node_84: [ -1.3479443550109863e+01, 2.1537836074829102e+01,
    -1.6459386348724365e+00 ]
node_85: [ -1.3483197212219238e+01, 2.1487976074218750e+01,
    -1.6459414958953857e+00 ]
node_86: [ -1.3486950874328613e+01, 2.1438117980957031e+01,
    -1.6459414958953857e+00 ]
node_87: [ -1.3490704536437988e+01, 2.1388259887695312e+01,
    -1.6459414958953857e+00 ]
node_88: [ -1.3494458198547363e+01, 2.1338401794433594e+01,
    -1.6459386348724365e+00 ]
